True Theta:

[0, [0.0673213941236688, 0.11591379787204052, 0.0, 0.9909751870537049, 0.0]]
[1, [0.5044281751289276, 0.6572992831281362, 0.0, 0.5599195196948736, 0.0]]
[2, [0.0, 0.8510069282620641, 0.0, 0.5187490517207765, 0.08177181292328863]]
[3, [0.0, 0.15252083112253945, 0.0, 0.9663119454215713, 0.2073128558707062]]
[4, [0.0, 0.0, 0.9736604359128065, 0.22800297265185704, 0.0]]
[5, [0.0, 0.0, 0.9925245808695179, 0.1220448948944121, 0.0]]
[6, [0.0, 0.0, 0.0, 0.8301117445391429, 0.5575970691979835]]
[7, [0.0, 0.0, 0.0, 0.7249846781974834, 0.6887649935782824]]
[8, [0.0, 0.6101400392938754, 0.0, 0.15581969861184333, 0.7768200267597267]]
[9, [0.0, 0.9380637255623975, 0.0, 0.33154585530812913, 0.1005673536093899]]


Ture Co-Theta:
users 0 CoTheta [ 0.24216411  0.33246799  0.          0.81855292  0.        ]
users 1 CoTheta [ 0.12781419  0.51822815  0.          0.7158736   0.03270873]
users 2 CoTheta [ 0.20177127  0.49412943  0.          0.7142424   0.0992795 ]
users 3 CoTheta [ 0.          0.37090694  0.38946417  0.4919632   0.0741713 ]
users 4 CoTheta [ 0.          0.06100833  0.59174192  0.48094333  0.08292514]
users 5 CoTheta [ 0.          0.          0.58796909  0.44765487  0.22303883]
users 6 CoTheta [ 0.          0.          0.39700983  0.50483418  0.38702541]
users 7 CoTheta [ 0.          0.24405602  0.          0.53936951  0.67151984]
users 8 CoTheta [ 0.          0.4972535   0.          0.45377615  0.47109694]
users 9 CoTheta [ 0.          0.80689425  0.          0.26125539  0.37106842]


LinUCB:--> Estimated Co-theta, Noise = .0001
user 0 UserTheta [ 0.24049573  0.3303688   0.00183875  0.81921718  0.00224227]
user 1 UserTheta [ 0.123925    0.51567958  0.00166654  0.71615197  0.03295772]
user 2 UserTheta [ 0.20211701  0.49367263  0.00127613  0.71347897  0.09504598]
user 3 UserTheta [ 0.00160316  0.37043875  0.38842252  0.49252232  0.07165728]
user 4 UserTheta [-0.00441179  0.06075879  0.59162952  0.48065657  0.082462  ]
user 5 UserTheta [ -5.49355094e-04  -7.61833131e-04   5.88948277e-01   4.46116162e-01
   2.23454716e-01]
user 6 UserTheta [  2.60958420e-04  -1.11088591e-03   3.96616183e-01   5.04027053e-01
   3.87847698e-01]
user 7 UserTheta [ 0.00357049  0.24044872  0.00296652  0.53846993  0.66970573]
user 8 UserTheta [ 0.00493138  0.49579567  0.00152774  0.45349464  0.46947691]
user 9 UserTheta [-0.0022708   0.80671549  0.00193171  0.26062605  0.37040059]

 Estimaed CoTheta, Noise = 1

user 0 UserTheta [ 0.152314    0.35887711 -0.50835155  0.95832546  0.05642998]
user 1 UserTheta [ 0.30730239  0.6579881  -0.52434987  0.73344695 -0.42934497]
user 2 UserTheta [-0.15376885  0.7766913  -0.30766076  0.71142397 -0.1943008 ]
user 3 UserTheta [ 0.293067   -0.15104081  0.27333026  0.69844878  0.1454745 ]
user 4 UserTheta [-0.09211519  0.10932853  0.85943807  0.26127284  0.04035731]
user 5 UserTheta [-0.04423022  0.07385262  0.82726219  0.30719096 -0.04348758]
user 6 UserTheta [ 0.12904092 -0.07464304  0.24429661  0.71904981  0.42885003]
user 7 UserTheta [-0.61031534  0.36682602 -0.00523382  0.62884293  0.63841178]
user 8 UserTheta [-0.42647678  0.48136569  0.04043031  0.27143458  0.5446921 ]
user 9 UserTheta [-0.05081536  1.01489128 -0.30901794  0.13778492  0.29416641]



CoLinUCB:-->Estimated Theta

Revised, Noise = .0001

user 0 UserTheta [ 0.10183161  0.13378996  0.0032742   0.82441674 -0.002379  ]
user 1 UserTheta [ 0.28089029  0.45033244 -0.00092414  0.39236688  0.00764404]
user 2 UserTheta [ 0.04807705  0.55119027 -0.01139221  0.41666787  0.06162593]
user 3 UserTheta [-0.00657243  0.15114881  0.07099758  0.60278498  0.12523674]
user 4 UserTheta [  2.48425793e-04   2.08332262e-03   6.37824236e-01   2.06945615e-01
   1.05991083e-02]
user 5 UserTheta [ 0.00180375  0.00340144  0.6450258   0.13846553  0.03879255]
user 6 UserTheta [ 0.0008774  -0.0085447   0.07466576  0.53970965  0.36113773]
user 7 UserTheta [ 0.00103227  0.04726914 -0.01543043  0.49212381  0.51024207]
user 8 UserTheta [ 0.00289474  0.38477575  0.00531166  0.15498882  0.49202875]
user 9 UserTheta [ -1.17228978e-03   7.94492503e-01  -7.07853966e-04   2.64786088e-01
   1.38241721e-01]

Revised, Noise = 1

user 0 UserTheta [ 0.37978906  0.3820973  -1.03700158  0.65261019  0.59896597]
user 1 UserTheta [ 0.08064919  0.4981867   0.11590131  0.56607527 -1.16509818]
user 2 UserTheta [-0.32823812  0.51936719 -0.03737842  0.38526159 -0.46545698]
user 3 UserTheta [-0.28837214  0.31325794 -0.01756296  0.61858329 -0.59661058]
user 4 UserTheta [ 0.26481241 -0.17036023  0.67415508  0.31201357 -0.94912148]
user 5 UserTheta [-0.11520132  0.22592     0.5499726   0.18699107  0.35985824]
user 6 UserTheta [ 0.17460652 -0.06556815  0.09196394  0.48335944  0.3233529 ]
user 7 UserTheta [-0.02218197 -0.22386706 -0.00438697  0.54330707  0.55799601]
user 8 UserTheta [-0.42706985  0.56528511  0.0235957  -0.04104868  0.50984942]
user 9 UserTheta [ 0.23734867  0.73408171 -0.28567099  0.51429162  0.11556371]

